name: pt
channels:
  - pytorch
  - conda-forge
  - defaults
dependencies:
  - ca-certificates=2019.6.16=hecc5488_0
  - certifi=2019.6.16=py37_1
  - cloudpickle=1.2.1=py_0
  - cytoolz=0.10.0=py37h516909a_0
  - dask-core=2.1.0=py_0
  - decorator=4.4.0=py_0
  - ffmpeg=4.0.2=ha0c5888_2
  - gmp=6.1.2=hf484d3e_1000
  - gnutls=3.5.19=h2a4e5f8_1
  - imageio=2.5.0=py37_0
  - libiconv=1.15=h516909a_1005
  - matplotlib-base=3.1.1=py37hfd891ef_0
  - nettle=3.3=0
  - networkx=2.3=py_0
  - openh264=1.8.0=hdbcaa40_1000
  - openssl=1.1.1c=h516909a_0
  - pywavelets=1.0.3=py37hd352d35_1
  - scikit-image=0.15.0=py37hb3f55d8_2
  - tk=8.6.9=hed695b0_1002
  - toolz=0.10.0=py_0
  - x264=1!152.20180806=h14c3975_0
  - _libgcc_mutex=0.1=main
  - asn1crypto=0.24.0=py37_0
  - blas=1.0=mkl
  - bzip2=1.0.7=h7b6447c_0
  - cairo=1.14.12=h8948797_3
  - cffi=1.12.3=py37h2e261b9_0
  - chardet=3.0.4=py37_1
  - click=7.0=py37_0
  - cryptography=2.7=py37h1ba5d50_0
  - cudatoolkit=10.0.130=0
  - cycler=0.10.0=py37_0
  - dbus=1.13.6=h746ee38_0
  - expat=2.2.6=he6710b0_0
  - flask=1.0.3=py37_0
  - fontconfig=2.13.0=h9420a91_0
  - freeglut=3.0.0=hf484d3e_5
  - freetype=2.9.1=h8a8886c_1
  - glib=2.56.2=hd408876_0
  - graphite2=1.3.13=h23475e2_0
  - gst-plugins-base=1.14.0=hbbd80ab_1
  - gstreamer=1.14.0=hb453b48_1
  - harfbuzz=1.8.8=hffaf4a1_0
  - hdf5=1.10.2=hba1933b_1
  - icu=58.2=h9c2bf20_1
  - idna=2.8=py37_0
  - intel-openmp=2019.4=243
  - itsdangerous=1.1.0=py37_0
  - jasper=2.0.14=h07fcdf6_1
  - jinja2=2.10.1=py37_0
  - jpeg=9b=h024ee3a_2
  - kiwisolver=1.1.0=py37he6710b0_0
  - libedit=3.1.20181209=hc058e9b_0
  - libffi=3.2.1=hd88cf55_4
  - libgcc-ng=9.1.0=hdf63c60_0
  - libgfortran-ng=7.3.0=hdf63c60_0
  - libglu=9.0.0=hf484d3e_1
  - libopencv=3.4.2=hb342d67_1
  - libopus=1.3=h7b6447c_0
  - libpng=1.6.37=hbc83047_0
  - libstdcxx-ng=9.1.0=hdf63c60_0
  - libtiff=4.0.10=h2733197_2
  - libuuid=1.0.3=h1bed415_2
  - libvpx=1.7.0=h439df22_0
  - libxcb=1.13=h1bed415_1
  - libxml2=2.9.9=hea5a465_1
  - markupsafe=1.1.1=py37h7b6447c_0
  - matplotlib=3.1.0=py37h5429711_0
  - mkl=2019.4=243
  - mkl_fft=1.0.12=py37ha843d7b_0
  - mkl_random=1.0.2=py37hd81dba3_0
  - ncurses=6.1=he6710b0_1
  - ninja=1.9.0=py37hfd86e86_0
  - numpy=1.16.4=py37h7e9f1db_0
  - numpy-base=1.16.4=py37hde5b4d6_0
  - olefile=0.46=py37_0
  - opencv=3.4.2=py37h6fd60c2_1
  - pcre=8.43=he6710b0_0
  - pillow=6.0.0=py37h34e0f95_0
  - pip=19.1.1=py37_0
  - pixman=0.38.0=h7b6447c_0
  - psutil=5.6.3=py37h7b6447c_0
  - py-opencv=3.4.2=py37hb342d67_1
  - pycparser=2.19=py37_0
  - pyopenssl=19.0.0=py37_0
  - pyparsing=2.4.0=py_0
  - pyqt=5.9.2=py37h05f1152_2
  - pysocks=1.7.0=py37_0
  - python=3.7.3=h0371630_0
  - python-dateutil=2.8.0=py37_0
  - pytz=2019.1=py_0
  - qt=5.9.7=h5867ecd_1
  - readline=7.0=h7b6447c_5
  - requests=2.22.0=py37_0
  - scipy=1.2.1=py37h7c811a0_0
  - setuptools=41.0.1=py37_0
  - sip=4.19.8=py37hf484d3e_0
  - six=1.12.0=py37_0
  - sqlalchemy=1.3.5=py37h7b6447c_0
  - sqlite=3.28.0=h7b6447c_0
  - tornado=6.0.3=py37h7b6447c_0
  - tqdm=4.32.1=py_0
  - urllib3=1.24.2=py37_0
  - werkzeug=0.15.4=py_0
  - wheel=0.33.4=py37_0
  - xz=5.2.4=h14c3975_4
  - zlib=1.2.11=h7b6447c_3
  - zstd=1.3.7=h0b5b093_0
  - pytorch=1.1.0=py3.7_cuda10.0.130_cudnn7.5.1_0
  - torchvision=0.3.0=py37_cu10.0.130_1
  - pip:
    - dask==2.1.0
    - easydict==1.9
    - nvidia-ml-py==10.418.84
    - torch==1.1.0
prefix: /home/sxfd91307/.conda/envs/pt

